<?xml version="1.0" encoding="UTF-8"?>
<document version="2.0.0">
  <chunk label="Chunk 1" enabled="true">
    <sensors next_id="1">
      <sensor id="0" label="unknown" type="frame">
        <resolution width="4096" height="2816"/>
        <property name="layer_index" value="0"/>
        <bands>
          <band label="Red"/>
          <band label="Green"/>
          <band label="Blue"/>
        </bands>
        <data_type>uint8</data_type>
        <calibration type="frame" class="initial">
          <resolution width="4096" height="2816"/>
          <f>15559.700000000001</f>
        </calibration>
        <calibration type="frame" class="adjusted">
          <resolution width="4096" height="2816"/>
          <f>15564.999255240424</f>
        </calibration>
      </sensor>
    </sensors>
    <components next_id="1" active_id="0">
      <component id="0" label="Component 1">
        <transform>
          <rotation locked="true">-0.021828557827421487 0.49355397436126247 -0.86944119321284552 -0.99975975696305808 -0.012503262311100572 0.018002688375544217 -0.0019855529058793002 0.86962528874440048 0.49370832963995703</rotation>
          <translation locked="true">-0.15295737240319734 0.001578850096468147 0.088794845835005187</translation>
          <scale locked="true">0.033745995367466947</scale>
        </transform>
        <region>
          <center>-0.0047223199403410195 -0.15773912708121085 -5.3166705083560215</center>
          <size>2.1290486637825756 1.5820658178639384 1.7107430052548416</size>
          <R>-0.99438206850347688 0.048952105353349235 -0.093850909533266955 -0.10577962808527192 -0.49197087275300228 0.86416163455964123 -0.0038693824944584739 0.86923434800065524 0.49438514958985941</R>
        </region>
        <partition>
          <camera_ids>0 1 2 3 4 5 6 7 8 9 10 11 12 13 14 15 16 17 18 19 20 21 22 23 24 25 26 27 28 29 30 31 32 33 34 35 36 37 38 39 40 41 42 43 44 45 46 47 48 49 50 51 52 53 54 55 56 57 58 59 60 61 62 63 64 65 66 67 68 69 70 71 72 73 74 75 76 77 78 79 80 81 82 83 84 85 86 87 88 89 90 91 92 93 94 95 96 97 98 99 100 101 102 103 104 105 106 107 108 109 110 111 112 113 114 115 116 117 118 119 120 121 122 123 124 125 126 127 128 129 130 131 132 133 134 135 136 137 138 139 140 141 142 143 144 145 146 147 148 149 150 151 152 153 154 155 156 157 158 159 160 161 162 163 164 165 166 167 168 169 170 171 172 173 174 175 176 177 178 179 180 181 182 183 184 185 186 187 188 189 190 191 192 193 194 195 196 197 198 199 200 201 202 203 204 205 206 207 208 209 210 211 212 213 214 215 216 217 218 219 220 221 222 223 224 225 226 227 228 229 230 231 232 233 234 235 236 237 238 239 240 241 242 243 244 245 246 247 248 249 250 251 252 253 254 255 256 257 258 259 260 261 262 263 264 265 266 267 268 269 270 271 272 273 274 275 276 277 278 279 280 281 282 283 284 285 286 287 288 289 290 291 292 293 294 295 296 297 298 299 300 301 302 303 304 305 306 307 308 309 310 311 312 313 314 315 316 317 318 319 320 321 322 323 324 325 326 327 328 329 330 331 332 333 334 335 336 337 338 339 340 341 342 343 344 345 346 347 348 349 350 351 352 353 354 355 356 357 358 359 360 361 362 363 364 365 366 367 368 369 370 371 372 373 374 375 376 377 378 379 380 381 382 383 384 385 386 387 388 389 390 391 392 393 394 395</camera_ids>
        </partition>
      </component>
    </components>
    <cameras next_id="396" next_group_id="0">
      <camera id="0" sensor_id="0" component_id="0" label="image_0001_-70_0">
        <transform>0.99894640944117263 -0.045846903532087584 0.0020328554076437834 -0.00084010192355797792 0.0053992341568335333 0.16140060863626088 0.98687420262278813 -5.1952851615067361 -0.045573230466016051 -0.98582346541780164 0.16147809664634838 -6.1075244575948124 0 0 0 1</transform>
        <reference x="60.555799999999998" y="0" z="-166.3758" enabled="true"/>
      </camera>
      <camera id="1" sensor_id="0" component_id="0" label="image_0002_-70_29.2">
        <transform>0.8534289475108785 -0.4939158510393179 -0.16645168561051307 0.87327655310031427 0.24286934349761033 0.094283764422771921 0.96546623646573537 -5.0806242589434847 -0.46116538631982595 -0.86438284565253709 0.20042151232367206 -6.3200386211410766 0 0 0 1</transform>
        <reference x="52.860500000000002" y="29.5428" z="-166.3758" enabled="true"/>
      </camera>
      <camera id="2" sensor_id="0" component_id="0" label="image_0003_-70_58.4">
        <transform>0.49473322092911787 -0.81832908755679579 -0.29253468951145373 1.5211238591742642 0.41532533356910672 -0.073046786822386273 0.90673537166619611 -4.7678503051823009 -0.7633766484539668 -0.57008917845665741 0.30373412913566733 -6.8652338325440132 0 0 0 1</transform>
        <reference x="31.730399999999999" y="51.576999999999998" z="-166.3758" enabled="true"/>
      </camera>
      <camera id="3" sensor_id="0" component_id="0" label="image_0004_-70_87.6">
        <transform>0.014153649364730736 -0.93863606952167522 -0.34461863443894136 1.7825813774990877 0.47929271412421631 -0.29610882779538888 0.82619492632736657 -4.3483196606473786 -0.8775409781868323 -0.17686687393217837 0.44569040881351285 -7.6101963838838245 0 0 0 1</transform>
        <reference x="2.5358000000000001" y="60.502699999999997" z="-166.3758" enabled="true"/>
      </camera>
      <camera id="4" sensor_id="0" component_id="0" label="image_0005_-70_116.8">
        <transform>-0.47401836661583119 -0.8241001906702472 -0.31010556887634738 1.5912607017427707 0.42012935294824477 -0.52119349365497258 0.74286517549486297 -3.9132439127169483 -0.77382033761212898 0.22184728510619037 0.59328396842394437 -8.3778265840873889 0 0 0 1</transform>
        <reference x="-27.3033" y="54.051299999999998" z="-166.3758" enabled="true"/>
      </camera>
      <camera id="5" sensor_id="0" component_id="0" label="image_0006_-70_146">
        <transform>-0.83848838312982055 -0.50746620048243352 -0.19853283538060257 1.002690152709381 0.25528714159334098 -0.68769958172597556 0.67963060601404623 -3.5886401389273339 -0.48142050921563417 0.51917948790552249 0.70617770613686137 -8.9627898503672778 0 0 0 1</transform>
        <reference x="-50.203099999999999" y="33.862400000000001" z="-166.3758" enabled="true"/>
      </camera>
      <camera id="6" sensor_id="0" component_id="0" label="image_0007_-70_175.2">
        <transform>-0.99745881389337998 -0.061385096662932584 -0.036163303141357732 0.15337184061856884 0.023213130326475959 -0.7599019887392845 0.64962305846585122 -3.4358287436803083 -0.067357740214895531 0.64713278190628143 0.75939587661204733 -9.2297274073973519 0 0 0 1</transform>
        <reference x="-60.343499999999999" y="5.0671999999999997" z="-166.3758" enabled="true"/>
      </camera>
      <camera id="7" sensor_id="0" component_id="0" label="image_0008_-70_204.4">
        <transform>-0.90465433580708998 0.40344527844324385 0.13723133755555394 -0.7475832070755154 -0.21919460096321536 -0.71669733625050358 0.6620412790151452 -3.5077053229425297 0.3654507622293458 0.56883814526918419 0.73679637951927013 -9.1040581707139463 0 0 0 1</transform>
        <reference x="-55.147199999999998" y="-25.015899999999998" z="-166.3758" sxyz="171.44919999999999" enabled="true"/>
      </camera>
      <camera id="8" sensor_id="0" component_id="0" label="image_0009_-70_233.6">
        <transform>-0.57513337655963281 0.76938715215804532 0.27796584189653245 -1.4726393662827151 -0.41183671424411489 -0.56590092141882931 0.71424552356870286 -3.7830772087526863 0.70683245537236505 0.2963099006639045 0.64233038446022483 -8.6017436291838241 0 0 0 1</transform>
        <reference x="-35.935000000000002" y="-48.741" z="-166.3758" sxyz="163.67169999999999" enabled="true"/>
      </camera>
      <camera id="9" sensor_id="0" component_id="0" label="image_0010_-70_262.8">
        <transform>-0.099279009253548933 0.93301455054154092 0.34587212492393732 -1.816511896213264 -0.50110880168770977 -0.34717507485927146 0.79269126163189574 -4.1965487073846823 0.8596706620518938 -0.094621962959055672 0.50200900084862388 -7.8670844021433943 0 0 0 1</transform>
        <reference x="-7.5896999999999997" y="-60.078299999999999" z="-166.3758" sxyz="160.14529999999999" enabled="true"/>
      </camera>
      <camera id="10" sensor_id="0" component_id="0" label="image_0011_-70_292">
        <transform>0.40649594795772492 0.85388183761943937 0.32503361622699811 -1.6958134032893479 -0.46306308732847412 -0.11413039183150789 0.87894643227799063 -4.6439630489773558 0.78761260874098005 -0.50779923300851471 0.34900761812343312 -7.0685550186715229 0 0 0 1</transform>
        <reference x="22.6846" y="-56.1464" z="-166.3758" sxyz="161.35210000000001" enabled="true"/>
      </camera>
      <camera id="11" sensor_id="0" component_id="0" label="image_0012_-70_321.2">
        <transform>0.80527586243183524 0.55093432047364665 0.21909395224173817 -1.1357535893563102 -0.30752303570303713 0.072176828593051551 0.9487992874819402 -5.0069830447297488 0.50691258407801709 -0.83142160179928559 0.22754725259790998 -6.4409585272028549 0 0 0 1</transform>
        <reference x="47.1935" y="-37.944499999999998" z="-166.3758" sxyz="167.15260000000001" enabled="true"/>
      </camera>
      <camera id="12" sensor_id="0" component_id="0" label="image_0013_-60_0">
        <transform>0.99894113748040803 -0.045392126783095038 -0.0074939092238924324 0.036337571607214542 0.0073523313011702807 -0.0032851520987879912 0.99996757497437183 -5.2599517913311242 -0.045415273573835777 -0.998963844491779 -0.0029479356197854023 -5.2400884819533209 0 0 0 1</transform>
        <reference x="88.526700000000005" y="0" z="-153.33279999999999" enabled="true"/>
      </camera>
      <camera id="13" sensor_id="0" component_id="0" label="image_0014_-60_20">
        <transform>0.92315128356851628 -0.34076576012416004 -0.17796180593825278 0.92604084948650234 0.17637639976816294 -0.035899213675409491 0.98366793790501672 -5.1752048401443167 -0.34158904146740732 -0.93946258210984146 0.026962632751405813 -5.3991282916680507 0 0 0 1</transform>
        <reference x="83.187899999999999" y="30.277899999999999" z="-153.33279999999999" enabled="true"/>
      </camera>
      <camera id="14" sensor_id="0" component_id="0" label="image_0015_-60_40">
        <transform>0.73871514580884101 -0.59089129825474151 -0.32426440908531673 1.6876493433372539 0.32001115504478989 -0.11593762896221713 0.94029321322527837 -4.9447499419731367 -0.5932055242489932 -0.79837706620208304 0.10344692437685957 -5.8014176244567093 0 0 0 1</transform>
        <reference x="67.815399999999997" y="56.9039" z="-153.33279999999999" enabled="true"/>
      </camera>
      <camera id="15" sensor_id="0" component_id="0" label="image_0016_-60_60">
        <transform>0.46500358231223804 -0.77247610900635899 -0.43249546754987112 2.2512737905495563 0.42446768689686015 -0.2341781463007433 0.87463579767556809 -4.6024480361274911 -0.77691624466039755 -0.59028912984193105 0.21899747024393121 -6.4080156221218347 0 0 0 1</transform>
        <reference x="44.263399999999997" y="76.666399999999996" z="-153.33279999999999" enabled="true"/>
      </camera>
      <camera id="16" sensor_id="0" component_id="0" label="image_0017_-60_80">
        <transform>0.13953234748534676 -0.86137165188493658 -0.48843587228442159 2.5392315164404704 0.47620067956151724 -0.37410730105115086 0.79578680567434235 -4.1875762460642223 -0.86819562126883465 -0.34363149539767085 0.35798569605555935 -7.1355970168077629 0 0 0 1</transform>
        <reference x="15.3725" y="87.181799999999996" z="-153.33279999999999" enabled="true"/>
      </camera>
      <camera id="17" sensor_id="0" component_id="0" label="image_0018_-60_100">
        <transform>-0.20318601001538267 -0.84952765166431854 -0.48684516469996719 2.5289011014939971 0.470351301348297 -0.52077614431281372 0.71243375891000771 -3.753411568956718 -0.8587695259229875 -0.084231683898569942 0.50539086336579031 -7.908146695917222 0 0 0 1</transform>
        <reference x="-15.3725" y="87.181799999999996" z="-153.33279999999999" enabled="true"/>
      </camera>
      <camera id="18" sensor_id="0" component_id="0" label="image_0019_-60_120">
        <transform>-0.52468284155490008 -0.73643665383165868 -0.42704680149967811 2.2125032241798204 0.40742253227756414 -0.65768834177285995 0.63360312916572881 -3.3403537630848068 -0.74747227103780434 0.15845220096071785 0.64511867438502446 -8.6372492438316115 0 0 0 1</transform>
        <reference x="-44.263399999999997" y="76.666399999999996" z="-153.33279999999999" enabled="true"/>
      </camera>
      <camera id="19" sensor_id="0" component_id="0" label="image_0020_-60_140">
        <transform>-0.78005301571924113 -0.53897921365958068 -0.31783439069776226 1.6402692017304217 0.29645604362089539 -0.7656753669241888 0.57083714550312392 -3.0143320822875861 -0.55102731952958817 0.351059310841359 0.75705102430657045 -9.2228754591948867 0 0 0 1</transform>
        <reference x="-67.815399999999997" y="56.9039" z="-153.33279999999999" enabled="true"/>
      </camera>
      <camera id="20" sensor_id="0" component_id="0" label="image_0021_-60_160">
        <transform>-0.94653974922202599 -0.27478829692108003 -0.16897897803548464 0.8605812626642656 0.14822526520919493 -0.83573222741524944 0.52875411564659136 -2.7946035355108068 -0.28651662062848687 0.47543983419015068 0.83178434114190536 -9.6098570592690482 0 0 0 1</transform>
        <reference x="-83.187899999999999" y="30.277899999999999" z="-153.33279999999999" enabled="true"/>
      </camera>
      <camera id="21" sensor_id="0" component_id="0" label="image_0022_-60_180">
        <transform>-0.9997933639658021 0.02030926139223032 -0.00087365419194204534 -0.017831683922265782 -0.017866879560176116 -0.85743560655513218 0.51428100803569876 -2.7216769755089505 0.0096955652092694487 0.51419034852195988 0.85762129258906494 -9.7440010198619351 0 0 0 1</transform>
        <reference x="-88.526700000000005" y="0" z="-153.33279999999999" enabled="true"/>
      </camera>
      <camera id="22" sensor_id="0" component_id="0" label="image_0023_-60_200">
        <transform>-0.93256501739516273 0.31805702012525899 0.17076949458202625 -0.91350820623640161 -0.18587126767005785 -0.82855874794762308 0.52814985851952456 -2.7947845425167399 0.30947432879882908 0.4607929395601767 0.83180256471473191 -9.6041415730898745 0 0 0 1</transform>
        <reference x="-83.187899999999999" y="-30.277899999999999" z="-153.33279999999999" sxyz="168.82980000000001" enabled="true"/>
      </camera>
      <camera id="23" sensor_id="0" component_id="0" label="image_0024_-60_220">
        <transform>-0.75272765268804154 0.57499166162825821 0.32060204293910116 -1.6950644932058174 -0.33174578412723887 -0.75193433797930032 0.56968367194561154 -3.0148274633791403 0.56863504604671888 0.32245827703069763 0.756752828856186 -9.2109902560281771 0 0 0 1</transform>
        <reference x="-67.815399999999997" y="-56.9039" z="-153.33279999999999" sxyz="159.63939999999999" enabled="true"/>
      </camera>
      <camera id="24" sensor_id="0" component_id="0" label="image_0025_-60_240">
        <transform>-0.4782493216200252 0.76397755486559427 0.43314649026810081 -2.2795157632061827 -0.44035175158917755 -0.63533193401257748 0.63438448002467862 -3.353252684297352 0.7598473012667275 0.11265713153381207 0.64026592090493506 -8.5981288960278928 0 0 0 1</transform>
        <reference x="-44.263399999999997" y="-76.666399999999996" z="-153.33279999999999" sxyz="153.4349" enabled="true"/>
      </camera>
      <camera id="25" sensor_id="0" component_id="0" label="image_0026_-60_260">
        <transform>-0.14427647048501638 0.85845370504495588 0.49218039005934971 -2.5858997304440789 -0.49680140374330684 -0.49299515992750587 0.71424375217899727 -3.7734104040250083 0.85578774547376346 -0.14146734104605288 0.49760860735551316 -7.8520673739727469 0 0 0 1</transform>
        <reference x="-15.3725" y="-87.181799999999996" z="-153.33279999999999" sxyz="150.3783" enabled="true"/>
      </camera>
      <camera id="26" sensor_id="0" component_id="0" label="image_0027_-60_280">
        <transform>0.21224846433910288 0.84532043724882333 0.49028965699385413 -2.5712086778993823 -0.49209789547470451 -0.34100736736996279 0.80097043432874238 -4.2251803063060267 0.84426906295034865 -0.41127525304699003 0.34360211811930796 -7.0449993272016149 0 0 0 1</transform>
        <reference x="15.3725" y="-87.181799999999996" z="-153.33279999999999" sxyz="150.3783" enabled="true"/>
      </camera>
      <camera id="27" sensor_id="0" component_id="0" label="image_0028_-60_300">
        <transform>0.53675034117361775 0.72736745372389033 0.42759286536754632 -2.2415305401252099 -0.42863927557735443 -0.20144229318755966 0.88073229414383214 -4.6438705083679661 0.72675129355407775 -0.65601645541751563 0.20365403884753472 -6.3141673417709097 0 0 0 1</transform>
        <reference x="44.263399999999997" y="-76.666399999999996" z="-153.33279999999999" sxyz="153.4349" enabled="true"/>
      </camera>
      <camera id="28" sensor_id="0" component_id="0" label="image_0029_-60_320">
        <transform>0.79479359899552726 0.51991422732962156 0.313037268094359 -1.6394955554490405 -0.31278038355870469 -0.091099962488191466 0.94544657622497119 -4.9788945606948394 0.52006880954024393 -0.84934680375856642 0.09021330438743945 -5.7220751527823666 0 0 0 1</transform>
        <reference x="67.815399999999997" y="-56.9039" z="-153.33279999999999" sxyz="159.63939999999999" enabled="true"/>
      </camera>
      <camera id="29" sensor_id="0" component_id="0" label="image_0030_-60_340">
        <transform>0.95599035895519835 0.24665093221836806 0.15888911611725023 -0.83335177405223926 -0.1586295762023581 -0.021055133569887641 0.98711364031919557 -5.197328043494462 0.24681793115284656 -0.96887563649116726 0.018997628148389845 -5.351984058976047 0 0 0 1</transform>
        <reference x="83.187899999999999" y="-30.277899999999999" z="-153.33279999999999" sxyz="168.82980000000001" enabled="true"/>
      </camera>
      <camera id="30" sensor_id="0" component_id="0" label="image_0031_-50_0">
        <transform>0.99874638753026668 -0.046905459893850622 -0.017479451575736479 0.088410730270644292 0.0089492248311226954 -0.17625027993963668 0.98430470393883762 -5.1791028107251638 -0.049250023047346513 -0.98322719483003829 -0.17560956288451313 -4.3386722161241336 0 0 0 1</transform>
        <reference x="113.8078" y="0" z="-135.63079999999999" enabled="true"/>
      </camera>
      <camera id="31" sensor_id="0" component_id="0" label="image_0032_-50_15.6">
        <transform>0.94830813261665514 -0.25375020721040753 -0.19058467397402992 0.99233055495048073 0.14251127744174943 -0.19608307751380888 0.97017625332443291 -5.1060650724632222 -0.28355285471148545 -0.94718649644797448 -0.149784910894183 -4.4755116086218791 0 0 0 1</transform>
        <reference x="109.61539999999999" y="30.6052" z="-135.63079999999999" enabled="true"/>
      </camera>
      <camera id="32" sensor_id="0" component_id="0" label="image_0033_-50_31.2">
        <transform>0.82974034935067298 -0.43788995566459321 -0.34609729757321617 1.8028224007523297 0.26192460928726696 -0.24208373867442318 0.93423282029648569 -4.9147428408121652 -0.4928756960016748 -0.86582206612991408 -0.086172490351566211 -4.8103710599980269 0 0 0 1</transform>
        <reference x="97.347099999999998" y="58.955500000000001" z="-135.63079999999999" enabled="true"/>
      </camera>
      <camera id="33" sensor_id="0" component_id="0" label="image_0034_-50_46.8">
        <transform>0.65013805857371398 -0.59135958926560961 -0.47708944756472149 2.4862966491542453 0.36192424021454395 -0.31106940256741583 0.87877566598733037 -4.6258528811012694 -0.66808034632005675 -0.74399574123106382 0.011789312571675814 -5.3241432054945177 0 0 0 1</transform>
        <reference x="77.906800000000004" y="82.962299999999999" z="-135.63079999999999" enabled="true"/>
      </camera>
      <camera id="34" sensor_id="0" component_id="0" label="image_0035_-50_62.4">
        <transform>0.421733024314142 -0.70227122403475606 -0.57354719430537959 2.9869016844457632 0.43451528073369799 -0.39865715201493956 0.80763168954434494 -4.2512555660257556 -0.79582518621350684 -0.58981997511110396 0.13702069167893666 -5.9801610779778649 0 0 0 1</transform>
        <reference x="52.726700000000001" y="100.85680000000001" z="-135.63079999999999" enabled="true"/>
      </camera>
      <camera id="35" sensor_id="0" component_id="0" label="image_0036_-50_78">
        <transform>0.162353952470498 -0.7615925766697792 -0.62738978416825841 3.2673378709834884 0.47393370544763896 -0.49749595979797429 0.72655668245867999 -3.8287766718644787 -0.86546405873258403 -0.41530051426187642 0.28017395649121835 -6.7302159743969652 0 0 0 1</transform>
        <reference x="23.661999999999999" y="111.32080000000001" z="-135.63079999999999" enabled="true"/>
      </camera>
      <camera id="36" sensor_id="0" component_id="0" label="image_0037_-50_93.6">
        <transform>-0.1016820388254509 -0.7654034030748641 -0.63546706723615232 3.3057694067455841 0.47793275865437029 -0.59781689307895236 0.64358001876569459 -3.3935006713153069 -0.87249128430335787 -0.23827000002275861 0.42659860044757736 -7.495683006535625 0 0 0 1</transform>
        <reference x="-7.1459999999999999" y="113.58320000000001" z="-135.63079999999999" enabled="true"/>
      </camera>
      <camera id="37" sensor_id="0" component_id="0" label="image_0038_-50_109.2">
        <transform>-0.36435661426650334 -0.7142600315317672 -0.59755908912549371 3.1065208979685703 0.44648508127374231 -0.69709314044401605 0.5609921797546541 -2.9630579010493925 -0.8172486340399906 -0.062400007228667898 0.57289694470963248 -8.2617479687147757 0 0 0 1</transform>
        <reference x="-37.427599999999998" y="107.4774" z="-135.63079999999999" enabled="true"/>
      </camera>
      <camera id="38" sensor_id="0" component_id="0" label="image_0039_-50_124.8">
        <transform>-0.59988878511216726 -0.61131505585304813 -0.51616600816407221 2.6777219082090076 0.38202726689322919 -0.78570282762146804 0.48654520244034738 -2.5731943329895901 -0.70298549974145108 0.094683521031984963 0.70487333471925839 -8.9497561019631604 0 0 0 1</transform>
        <reference x="-64.951599999999999" y="93.453199999999995" z="-135.63079999999999" enabled="true"/>
      </camera>
      <camera id="39" sensor_id="0" component_id="0" label="image_0040_-50_140.4">
        <transform>-0.78936408370188271 -0.46649140738711536 -0.39911165129005655 2.0652201355083681 0.29052274458582106 -0.85653721528598104 0.4265448788913766 -2.2612554258837467 -0.54083350325197921 0.2207481951548563 0.81164607810058742 -9.5085642067286784 0 0 0 1</transform>
        <reference x="-87.690399999999997" y="72.543800000000005" z="-135.63079999999999" enabled="true"/>
      </camera>
      <camera id="40" sensor_id="0" component_id="0" label="image_0041_-50_156">
        <transform>-0.92564166052378449 -0.28424297927342185 -0.24978679916388608 1.2830467613906855 0.17530566075611684 -0.90712249903503217 0.38261821317247624 -2.0319170112769664 -0.33534376631992413 0.31037831831203344 0.88949977960208715 -9.9121211048394979 0 0 0 1</transform>
        <reference x="-103.9686" y="46.2898" z="-135.63079999999999" enabled="true"/>
      </camera>
      <camera id="41" sensor_id="0" component_id="0" label="image_0042_-50_171.6">
        <transform>-0.99316541169884975 -0.082227706705366763 -0.082831571607876658 0.4104943622263087 0.047078060076319372 -0.93162501772981299 0.36035882478354248 -1.9175996766938406 -0.10679944412076817 0.35399637087108909 0.92912886519879101 -10.119259935424395 0 0 0 1</transform>
        <reference x="-112.5869" y="16.625399999999999" z="-135.63079999999999" enabled="true"/>
      </camera>
      <camera id="42" sensor_id="0" component_id="0" label="image_0043_-50_187.2">
        <transform>-0.98817251512810222 0.12460511228186606 0.089379227668532416 -0.48908180510724825 -0.08456361365832972 -0.92902146272884056 0.36023342020724736 -1.9174662908147833 0.12792214659879864 0.34841453440175263 0.92857053400760337 -10.11172048157295 0 0 0 1</transform>
        <reference x="-112.9104" y="-14.2639" z="-135.63079999999999" sxyz="173.99639999999999" enabled="true"/>
      </camera>
      <camera id="43" sensor_id="0" component_id="0" label="image_0044_-50_202.8">
        <transform>-0.90897909303978697 0.32668063449146506 0.2589146026488679 -1.3745150167917983 -0.21374692612734428 -0.8985446395750718 0.38331420827046836 -2.0403907292688266 0.3578676570852401 0.29308240093727583 0.88658527298459178 -9.8923048261836026 0 0 0 1</transform>
        <reference x="-104.9152" y="-44.1023" z="-135.63079999999999" sxyz="161.9873" enabled="true"/>
      </camera>
      <camera id="44" sensor_id="0" component_id="0" label="image_0045_-50_218.4">
        <transform>-0.76310887914783176 0.50176976274575857 0.40729834735707499 -2.1475791902759083 -0.32645288896913838 -0.84319788841624932 0.42713678400962202 -2.2697744738319932 0.55775742921940774 0.19298815032131938 0.80725598417485456 -9.4734704554771341 0 0 0 1</transform>
        <reference x="-89.190399999999997" y="-70.691400000000002" z="-135.63079999999999" sxyz="152.47130000000001" enabled="true"/>
      </camera>
      <camera id="45" sensor_id="0" component_id="0" label="image_0046_-50_234">
        <transform>-0.55979178819300834 0.64025985191524848 0.52602326554738821 -2.7671571126682033 -0.41662607617672676 -0.76620737435110742 0.48923304481562224 -2.5967415829554641 0.7162791819683566 0.054713631897771092 0.69566554605161846 -8.8902564937878097 0 0 0 1</transform>
        <reference x="-66.894499999999994" y="-92.072400000000002" z="-135.63079999999999" sxyz="145.8295" enabled="true"/>
      </camera>
      <camera id="46" sensor_id="0" component_id="0" label="image_0047_-50_249.6">
        <transform>-0.30997065818984437 0.73190018726649697 0.6068280703301574 -3.1857724312006197 -0.47745004797364943 -0.67177799064208088 0.5663530550626954 -2.9997287488162172 0.82216764881094351 -0.11417726204527778 0.55767724543908848 -8.1660669073732564 0 0 0 1</transform>
        <reference x="-39.670200000000001" y="-106.67" z="-135.63079999999999" sxyz="141.8159" enabled="true"/>
      </camera>
      <camera id="47" sensor_id="0" component_id="0" label="image_0048_-50_265.2">
        <transform>-0.039875595220195986 0.76686341442733097 0.64057040246852703 -3.3609674369323423 -0.50278522855191998 -0.56940699830383856 0.65037118957761775 -3.4409500584433936 0.86349114115654257 -0.29613539791025922 0.40827304007086196 -7.3851644541716839 0 0 0 1</transform>
        <reference x="-9.5231999999999992" y="-113.40860000000001" z="-135.63079999999999" sxyz="140.09909999999999" enabled="true"/>
      </camera>
      <camera id="48" sensor_id="0" component_id="0" label="image_0049_-50_280.8">
        <transform>0.2337068708758871 0.74368672905853361 0.62634746549149645 -3.2823379213865489 -0.49064253721200152 -0.46595173356414454 0.73631439118540842 -3.8886461254596716 0.83943492849867285 -0.4793944419898799 0.25598822200570182 -6.587746737960452 0 0 0 1</transform>
        <reference x="21.325399999999998" y="-111.7919" z="-135.63079999999999" sxyz="140.5034" enabled="true"/>
      </camera>
      <camera id="49" sensor_id="0" component_id="0" label="image_0050_-50_296.4">
        <transform>0.49175074000980368 0.663364682876046 0.56402881771463909 -2.9555435125764431 -0.4421885169515134 -0.36776414079692721 0.81805797607511832 -4.3175370607977914 0.7501003434048219 -0.65168768152901346 0.11248395693301119 -5.8381657981570543 0 0 0 1</transform>
        <reference x="50.602899999999998" y="-101.93899999999999" z="-135.63079999999999" sxyz="143.0718" enabled="true"/>
      </camera>
      <camera id="50" sensor_id="0" component_id="0" label="image_0051_-50_312">
        <transform>0.70925296413858274 0.53383040661152226 0.46041864627489987 -2.4105518531229864 -0.36125506213957703 -0.2856127479836057 0.88764865699655271 -4.6783773489876488 0.60535527827810698 -0.79589600775869618 -0.0097227513906976704 -5.2000517407711628 0 0 0 1</transform>
        <reference x="76.152299999999997" y="-84.575599999999994" z="-135.63079999999999" sxyz="148.05350000000001" enabled="true"/>
      </camera>
      <camera id="51" sensor_id="0" component_id="0" label="image_0052_-50_327.6">
        <transform>0.87643529098867168 0.36052282383225281 0.31919347456616287 -1.6719960307255237 -0.25187122385991051 -0.22172595310947837 0.94201830571863332 -4.9636208710296463 0.41039257705386456 -0.90601373897624327 -0.10352312536518563 -4.7110208210969331 0 0 0 1</transform>
        <reference x="96.091099999999997" y="-60.981200000000001" z="-135.63079999999999" sxyz="155.79069999999999" enabled="true"/>
      </camera>
      <camera id="52" sensor_id="0" component_id="0" label="image_0053_-50_343.2">
        <transform>0.97336237583566665 0.16540656490100333 0.15876508934647854 -0.83238878709239839 -0.12740513095667039 -0.18549216135544311 0.97435136921010168 -5.1293555834721634 0.19061379255830044 -0.96862445063261582 -0.15947744581352169 -4.4207115411539046 0 0 0 1</transform>
        <reference x="108.9504" y="-32.894100000000002" z="-135.63079999999999" sxyz="166.36750000000001" enabled="true"/>
      </camera>
      <camera id="53" sensor_id="0" component_id="0" label="image_0054_-40_0">
        <transform>0.99792194586093208 -0.052861172307138576 -0.036844082719558462 0.18959190258694913 0.016281032511817509 -0.3463915135647429 0.93794874450082599 -4.9400663485448382 -0.062343547777454898 -0.93659949593870784 -0.34481105878129642 -3.4545328070870873 0 0 0 1</transform>
        <reference x="135.63079999999999" y="0" z="-113.8078" enabled="true"/>
      </camera>
      <camera id="54" sensor_id="0" component_id="0" label="image_0055_-40_13.1">
        <transform>0.95954465149507562 -0.19355113065730895 -0.20447988069360495 1.0647672719439358 0.12455154822425171 -0.35952806890777328 0.92478455842557727 -4.8680856057196218 -0.25250935353395426 -0.91284036254359657 -0.32087614259888442 -3.5822448516397887 0 0 0 1</transform>
        <reference x="132.1011" y="30.7409" z="-113.8078" enabled="true"/>
      </camera>
      <camera id="55" sensor_id="0" component_id="0" label="image_0056_-40_26.2">
        <transform>0.8708589533340797 -0.32811533229005285 -0.36598498891902614 1.9083705583293533 0.22861925510615727 -0.38875406206346697 0.89252647883626368 -4.7004706824565954 -0.43512977327755598 -0.86093589072900301 -0.26353647273590181 -3.8830843396437364 0 0 0 1</transform>
        <reference x="121.69589999999999" y="59.881799999999998" z="-113.8078" enabled="true"/>
      </camera>
      <camera id="56" sensor_id="0" component_id="0" label="image_0057_-40_39.3">
        <transform>0.73964892730553211 -0.44368715286676902 -0.50602487559087117 2.6376432176876734 0.31856287406335182 -0.43150873628363534 0.84398928060692591 -4.4437329037097282 -0.59282135555686066 -0.78545650477405826 -0.17782271931293264 -4.3332724737689574 0 0 0 1</transform>
        <reference x="104.95659999999999" y="85.906000000000006" z="-113.8078" enabled="true"/>
      </camera>
      <camera id="57" sensor_id="0" component_id="0" label="image_0058_-40_52.4">
        <transform>0.56654856809190668 -0.53932971785852357 -0.62301378429987864 3.2486812143997574 0.3932994251284429 -0.48740137882185153 0.77958672263975581 -4.1082024634280163 -0.72411206466033073 -0.68670470462725375 -0.064018485269097924 -4.9292357778819023 0 0 0 1</transform>
        <reference x="82.754499999999993" y="107.4589" z="-113.8078" enabled="true"/>
      </camera>
      <camera id="58" sensor_id="0" component_id="0" label="image_0059_-40_65.5">
        <transform>0.36955491450768196 -0.60498987774552671 -0.70527754323292557 3.6750126687068208 0.44530706779120033 -0.55086461181175028 0.70586811433063945 -3.7204288645419359 -0.81555550426591006 -0.57492210540119415 0.065831543978818616 -5.6091486873453764 0 0 0 1</transform>
        <reference x="56.245199999999997" y="123.4188" z="-113.8078" enabled="true"/>
      </camera>
      <camera id="59" sensor_id="0" component_id="0" label="image_0060_-40_78.6">
        <transform>0.1546294971954284 -0.64063633973727496 -0.75211355446176875 3.9196278964774773 0.47437281630784467 -0.61963326374098504 0.62531995779269567 -3.3007158829067311 -0.86663726537995833 -0.45347513567308384 0.20808688469248962 -6.3540677498190883 0 0 0 1</transform>
        <reference x="26.808399999999999" y="132.95500000000001" z="-113.8078" enabled="true"/>
      </camera>
      <camera id="60" sensor_id="0" component_id="0" label="image_0061_-40_91.7">
        <transform>-0.071507263941188365 -0.64430754637116738 -0.7614161128402861 3.9643114756109465 0.47905033864403962 -0.69174833751538412 0.54036562676555788 -2.8550591419667901 -0.87486998133932792 -0.32611657920729709 0.35812077923160895 -7.1382770491403837 0 0 0 1</transform>
        <reference x="-4.0236999999999998" y="135.5711" z="-113.8078" enabled="true"/>
      </camera>
      <camera id="61" sensor_id="0" component_id="0" label="image_0062_-40_104.8">
        <transform>-0.2955506329995623 -0.61478671593319389 -0.73122302838849107 3.8062375780864808 0.45830950502010837 -0.76282957815522889 0.45611778336273923 -2.4158946368765015 -0.83821370839528819 -0.20032056460481923 0.50721736016684704 -7.9188855116928591 0 0 0 1</transform>
        <reference x="-34.646299999999997" y="131.131" z="-113.8078" enabled="true"/>
      </camera>
      <camera id="62" sensor_id="0" component_id="0" label="image_0063_-40_117.9">
        <transform>-0.49752018780127782 -0.55588844114581693 -0.66592920324209737 3.4616217239170735 0.4151531618651283 -0.82664265910752865 0.37988125294231245 -2.0168063503787379 -0.76165708486402695 -0.087464021998238009 0.64205025498968837 -8.6222469514160789 0 0 0 1</transform>
        <reference x="-63.465699999999998" y="119.86579999999999" z="-113.8078" enabled="true"/>
      </camera>
      <camera id="63" sensor_id="0" component_id="0" label="image_0064_-40_131">
        <transform>-0.68028397215442848 -0.4672515080838851 -0.56470323659700061 2.9321926989336378 0.34907261494054942 -0.88400715445951272 0.31093353045781674 -1.6575717903668654 -0.64448586231845306 0.014400661711536887 0.76448060421040775 -9.2631239938984464 0 0 0 1</transform>
        <reference x="-88.981800000000007" y="102.36190000000001" z="-113.8078" enabled="true"/>
      </camera>
      <camera id="64" sensor_id="0" component_id="0" label="image_0065_-40_144.1">
        <transform>-0.82596322200839223 -0.35658833000790674 -0.43661140478884475 2.260412226322531 0.26616417269859544 -0.92943160238652855 0.25556511823189598 -1.368333361954418 -0.49693197629171393 0.094877075141377304 0.86258735879412796 -9.7733506754091373 0 0 0 1</transform>
        <reference x="-109.86660000000001" y="79.530199999999994" z="-113.8078" enabled="true"/>
      </camera>
      <camera id="65" sensor_id="0" component_id="0" label="image_0066_-40_157.2">
        <transform>-0.93292267946001894 -0.22409817181734609 -0.2818426574123617 1.4513314750619783 0.1663377761853711 -0.96242298557258033 0.21464794677626531 -1.1558501953769451 -0.31935406426542307 0.15336885677895762 0.93514222202158737 -10.153013399783402 0 0 0 1</transform>
        <reference x="-125.033" y="52.559100000000001" z="-113.8078" enabled="true"/>
      </camera>
      <camera id="66" sensor_id="0" component_id="0" label="image_0067_-40_170.3">
        <transform>-0.98962822810579398 -0.083792544713899825 -0.11668238764507818 0.5872791862553165 0.060243489341885753 -0.97946038329055862 0.19242681610478729 -1.0402864977236099 -0.13040970871871965 0.18340165488533816 0.97434959889005857 -10.354036025729261 0 0 0 1</transform>
        <reference x="-133.6918" y="22.852399999999999" z="-113.8078" enabled="true"/>
      </camera>
      <camera id="67" sensor_id="0" component_id="0" label="image_0068_-40_183.4">
        <transform>-0.99661126481398465 0.061108431750290362 0.05506129688709567 -0.31015230326606513 -0.049712739818066766 -0.98077764459002892 0.18868983908047454 -1.0223163456899065 0.065533429222420447 0.18531317125734498 0.98049191644444256 -10.386578574054454 0 0 0 1</transform>
        <reference x="-135.3921" y="-8.0437999999999992" z="-113.8078" sxyz="175.9571" enabled="true"/>
      </camera>
      <camera id="68" sensor_id="0" component_id="0" label="image_0069_-40_196.5">
        <transform>-0.95204081998738355 0.20527513556055124 0.22689291702992481 -1.2072454899628497 -0.15968782393454545 -0.96589708619718517 0.20382006221870616 -1.1020498318834673 0.26099439833988886 0.15781298297790647 0.95235339367212557 -10.23501475832423 0 0 0 1</transform>
        <reference x="-130.0455" y="-38.5212" z="-113.8078" sxyz="161.30029999999999" enabled="true"/>
      </camera>
      <camera id="69" sensor_id="0" component_id="0" label="image_0070_-40_209.6">
        <transform>-0.85580042317602611 0.34056017034202823 0.38938978680538489 -2.0561602300464963 -0.26341594566124771 -0.93471766797612088 0.23856848229527822 -1.2852778802570557 0.44521643642516756 0.10159552918258874 0.88964075512927365 -9.9075035321782927 0 0 0 1</transform>
        <reference x="-117.9303" y="-66.993700000000004" z="-113.8078" sxyz="149.51650000000001" enabled="true"/>
      </camera>
      <camera id="70" sensor_id="0" component_id="0" label="image_0071_-40_222.7">
        <transform>-0.71933041351915039 0.45345969886472304 0.52624904531208705 -2.7689128173909023 -0.35076269390109693 -0.89098545546158958 0.28828883211659262 -1.5455881223505392 0.59960761232126947 0.022786392022833307 0.79996968166610405 -9.4351209154997822 0 0 0 1</transform>
        <reference x="-99.677099999999996" y="-91.979299999999995" z="-113.8078" sxyz="141.0549" enabled="true"/>
      </camera>
      <camera id="71" sensor_id="0" component_id="0" label="image_0072_-40_235.8">
        <transform>-0.54131744122729031 0.54590065094594464 0.63950598677411363 -3.3605575800613354 -0.42318653461839822 -0.83410687259552285 0.3538062775115603 -1.8897529964706978 0.72655941583659189 -0.079108813577945913 0.68253440270324828 -8.8216353016056335 0 0 0 1</transform>
        <reference x="-76.235799999999998" y="-112.1776" z="-113.8078" sxyz="135.41329999999999" enabled="true"/>
      </camera>
      <camera id="72" sensor_id="0" component_id="0" label="image_0073_-40_248.9">
        <transform>-0.33787072312277777 0.6083754821580194 0.71813832035721981 -3.7682483385363534 -0.47317525096480323 -0.76936983265989767 0.42915643123140534 -2.2836443042433752 0.81360221013151579 -0.19480588620952402 0.54781576316060365 -8.1150221098039879 0 0 0 1</transform>
        <reference x="-48.826700000000002" y="-126.5372" z="-113.8078" sxyz="131.9683" enabled="true"/>
      </camera>
      <camera id="73" sensor_id="0" component_id="0" label="image_0074_-40_262">
        <transform>-0.10975945992435454 0.64004331092678923 0.76045869124824095 -3.9888196785705263 -0.50023841457153628 -0.69669560456177482 0.51417580959362441 -2.7295980815860128 0.85890301521421508 -0.32397499089000165 0.39664318440350588 -7.3248563448667587 0 0 0 1</transform>
        <reference x="-18.876200000000001" y="-134.3109" z="-113.8078" sxyz="130.27610000000001" enabled="true"/>
      </camera>
      <camera id="74" sensor_id="0" component_id="0" label="image_0075_-40_275.1">
        <transform>0.11836955593366394 0.63694221730976763 0.76176982090168477 -3.9917636659666189 -0.50069720659877137 -0.6242069619038163 0.59972324952013911 -3.1758727164757041 0.85749108189663115 -0.45240499612551216 0.24502808808057219 -6.531060154244674 0 0 0 1</transform>
        <reference x="12.056800000000001" y="-135.09389999999999" z="-113.8078" sxyz="130.11199999999999" enabled="true"/>
      </camera>
      <camera id="75" sensor_id="0" component_id="0" label="image_0076_-40_288.2">
